==================================================
DATASET METRICS: CHINA
==================================================

Original dataset shape: (499, 18)
Dataset shape after removing NaN values: 499 rows
Dataset shape after removing zeros in target: 499 rows
Total features used: 17
Features: ID, AFP, Input, Output, Enquiry, File, Interface, Added, Changed, Deleted, PDR_AFP, PDR_UFP, NPDR_AFP, NPDU_UFP, Resource, Dev.Type, Duration
Target: Effort

Feature correlations with target:
- Added: 0.6505
- AFP: 0.6431
- File: 0.5666
- Input: 0.5404
- Output: 0.5254
- Enquiry: 0.5031
- Duration: 0.4614
- Interface: 0.3162
- PDR_UFP: 0.2728
- NPDU_UFP: 0.2712
- PDR_AFP: 0.2487
- NPDR_AFP: 0.2455
- Resource: 0.1863
- Changed: 0.1012
- Deleted: 0.0719
- ID: 0.0639
- Dev.Type: nan

Data statistics before preprocessing:
               ID           AFP        Input       Output     Enquiry         File    Interface         Added      Changed      Deleted     PDR_AFP    PDR_UFP    NPDR_AFP    NPDU_UFP    Resource  Dev.Type    Duration        Effort
count  499.000000    499.000000   499.000000   499.000000  499.000000   499.000000   499.000000    499.000000   499.000000   499.000000  499.000000  499.00000  499.000000  499.000000  499.000000     499.0  499.000000    499.000000
mean   250.000000    486.857715   167.098196   113.601202   61.601202    91.234469    24.234469    360.354709    85.062124    12.352705   11.770541   12.07976   13.269739   13.626253    1.458918       0.0    8.719238   4277.641283
std    144.193157   1059.171436   486.338575   221.274374  105.422840   210.270984    85.040996    829.842333   290.857039   124.224130   12.105649   12.81871   14.009840   14.843416    0.823729       0.0    7.347058   7071.248036
min      1.000000      9.000000     0.000000     0.000000    0.000000     0.000000     0.000000      0.000000     0.000000     0.000000    0.300000    0.30000    0.400000    0.400000    1.000000       0.0    1.000000     31.000000
25%    125.500000    100.500000    27.000000    13.000000    6.000000    14.000000     0.000000     38.000000     0.000000     0.000000    4.300000    4.20000    4.600000    4.400000    1.000000       0.0    4.000000    776.000000
50%    250.000000    215.000000    63.000000    42.000000   24.000000    36.000000     0.000000    135.000000     4.000000     0.000000    8.100000    8.00000    8.800000    8.900000    1.000000       0.0    7.000000   2098.000000
75%    374.500000    437.500000   152.500000   112.000000   68.500000    84.000000    20.000000    325.500000    87.000000     0.000000   15.400000   15.75000   16.350000   16.900000    2.000000       0.0   11.000000   4192.000000
max    499.000000  17518.000000  9404.000000  2455.000000  952.000000  2955.000000  1572.000000  13580.000000  5193.000000  2657.000000   83.800000   96.60000  101.000000  108.300000    4.000000       0.0   84.000000  54620.000000

Outliers removed: 205 (41.08% of original data)

Applied polynomial features (interactions only): Input dimensions 17 -> 153

Data statistics after preprocessing:
X shape: (294, 153)
X mean: [-1.49842346e-15  2.69587829e-15 -1.54827020e-17  1.18952467e-16
  1.01959257e-15  1.35719100e-15  1.09511795e-16 -5.51146430e-16
 -2.31107650e-16  0.00000000e+00  1.33207882e-15 -1.46188806e-15
  1.15780401e-15  2.37532027e-15 -1.30734426e-15  0.00000000e+00
  6.04203007e-16  7.06162264e-16 -4.78075629e-16  8.67786568e-16
  6.64623307e-17 -1.08756541e-16 -4.79586136e-16  1.13760097e-15
  4.43333956e-16  0.00000000e+00 -4.29361762e-15 -3.48436321e-15
 -5.31132205e-15  1.32169408e-17 -2.71249387e-15  0.00000000e+00
  1.61397728e-15  1.98140823e-15  2.02143668e-15 -4.90914943e-17
  1.91079201e-16 -1.19330094e-16 -3.26505640e-16  3.73095357e-16
  0.00000000e+00  9.02528241e-17 -3.93827072e-15  1.60076034e-15
  1.81487478e-15  3.03932994e-15  0.00000000e+00  1.47425534e-15
 -6.08734529e-16  8.91954688e-16  1.58603289e-15  1.56337528e-16
 -9.82585139e-16 -2.01652753e-16  0.00000000e+00 -1.11588743e-15
  1.39684183e-15 -5.13572556e-17  1.14383182e-15 -3.92354327e-16
  0.00000000e+00  1.55355698e-15 -4.53152255e-16 -9.71256333e-16
  1.85037171e-16  4.98656294e-16 -2.95304219e-16  0.00000000e+00
 -9.51997362e-16  9.52374989e-16 -1.15213961e-15  9.23297719e-16
  2.50744248e-16  0.00000000e+00  5.05264764e-16  1.37456184e-16
 -1.57092782e-16 -3.47416729e-17 -7.09938533e-17  0.00000000e+00
 -4.70900718e-16 -8.19450328e-17 -2.93416085e-16 -8.91577062e-16
  7.99247290e-16  0.00000000e+00  6.54427382e-16  8.98751972e-17
 -2.11471052e-16 -1.33679915e-16  0.00000000e+00 -9.95424453e-16
 -1.18121688e-15 -6.66133815e-16 -7.59785281e-16  2.13736814e-15
  0.00000000e+00  2.16002575e-16 -4.62970554e-16  1.76729379e-16
  0.00000000e+00  1.31414154e-16  6.57070770e-17  2.38660188e-16
  1.54071767e-16 -6.79728382e-18  0.00000000e+00  2.19778844e-16
 -2.39415441e-16  0.00000000e+00 -1.62149442e-15 -3.43947282e-16
 -1.09046842e-15  6.95305491e-16  1.09134168e-15  0.00000000e+00
  1.63453434e-15  0.00000000e+00 -5.44537960e-16 -1.04225019e-16
  4.28228881e-16 -1.74463618e-16 -2.70380845e-16  0.00000000e+00
  7.09938533e-17  0.00000000e+00  0.00000000e+00  0.00000000e+00
  0.00000000e+00  0.00000000e+00  0.00000000e+00  0.00000000e+00
 -3.33822161e-15 -1.92778522e-15 -3.89021770e-15  1.40595207e-16
  0.00000000e+00 -2.48799469e-15 -2.83588346e-15 -1.73793330e-15
 -1.24461099e-15  0.00000000e+00 -4.47865479e-16 -1.90965913e-15
  1.02714511e-16  0.00000000e+00  4.32571590e-16  1.17668536e-15
  0.00000000e+00 -1.30942120e-15  0.00000000e+00  1.89738625e-15
  0.00000000e+00]
X std: [1. 1. 1. 1. 1. 1. 1. 1. 1. 0. 1. 1. 1. 1. 1. 0. 1. 1. 1. 1. 1. 1. 1. 1.
 1. 0. 1. 1. 1. 1. 1. 0. 1. 1. 1. 1. 1. 1. 1. 1. 0. 1. 1. 1. 1. 1. 0. 1.
 1. 1. 1. 1. 1. 1. 0. 1. 1. 1. 1. 1. 0. 1. 1. 1. 1. 1. 1. 0. 1. 1. 1. 1.
 1. 0. 1. 1. 1. 1. 1. 0. 1. 1. 1. 1. 1. 0. 1. 1. 1. 1. 0. 1. 1. 1. 1. 1.
 0. 1. 1. 1. 0. 1. 1. 1. 1. 1. 0. 1. 1. 0. 1. 1. 1. 1. 1. 0. 1. 0. 1. 1.
 1. 1. 1. 0. 1. 0. 0. 0. 0. 0. 0. 0. 1. 1. 1. 1. 0. 1. 1. 1. 1. 0. 1. 1.
 1. 0. 1. 1. 0. 1. 0. 1. 0.]
y mean: 7.065042817365211
y std: 0.9969359388319067

Training set size: 235
Test set size: 59
